5
20
0 0 0 0 4 0 0 0 0 0 0 0 0 0 0 0 0 0 0 0 
0 0 0 3 1 4 5 5 0 0 0 0 1 4 0 0 0 0 0 0 
2 0 7 5 2 3 3 3 0 0 0 2 8 3 5 6 3 3 0 0 
5 11 3 2 3 2 2 2 3 2 3 8 3 3 3 5 5 8 10 4
1 1 1 1 1 1 2 2 7 4 8 7 2 2 1 1 1 1 1 1 
20
5
0 0 0 4 4 
0 0 0 11 5
0 0 0 11 7
0 0 3 5 8 
3 2 3 2 2 
4 1 4 2 3 
0 4 5 1 3 
0 0 7 5 3 
0 2 5 5 4 
0 3 3 3 4 
0 5 1 2 5 
0 0 5 1 7 
0 0 0 4 6 
0 0 0 3 3 
0 0 0 1 1 
0 0 0 1 1 
0 0 0 1 1 
0 0 0 1 1 
0 0 0 3 3 
0 0 0 9 9 
20
20
0 0 0 1 1 1 1 0 0 0 1 1 1 1 0 0 0 0 0 0 
0 1 1 1 1 1 1 1 1 1 1 1 0 1 1 1 1 1 0 0 
1 1 1 1 1 1 1 1 1 1 1 0 1 1 1 1 1 1 1 0 
1 1 1 0 1 1 1 1 1 0 0 1 1 1 1 1 1 1 1 0 
0 1 1 1 0 0 1 1 0 0 1 1 1 0 1 1 0 0 1 1 
0 1 1 1 1 0 0 1 0 1 1 1 1 0 1 1 0 1 1 1 
1 1 1 1 0 0 0 0 0 1 1 1 1 1 0 1 0 1 1 1 
1 1 1 1 1 1 1 0 0 1 1 1 1 1 0 0 0 1 1 1 
1 1 0 1 1 1 1 1 0 1 1 1 1 1 0 1 1 1 1 0 
1 1 1 0 0 1 1 1 0 0 1 1 1 0 0 1 1 1 1 0 
1 1 1 1 1 0 0 1 0 0 1 1 0 0 1 1 1 1 1 0 
0 1 1 1 1 1 0 0 0 0 1 0 1 1 1 1 1 1 1 0 
0 0 0 0 1 1 1 1 0 0 0 0 1 1 1 1 1 1 0 0 
0 0 0 0 0 0 1 1 1 0 0 1 1 1 0 0 0 0 0 0 
0 0 0 0 0 0 0 0 1 0 0 1 0 0 0 0 0 0 0 0 
0 0 0 0 0 0 0 0 1 0 0 1 0 0 0 0 0 0 0 0 
0 0 0 0 0 0 0 0 1 0 0 1 0 0 0 0 0 0 0 0 
0 0 0 0 0 0 0 0 1 0 0 1 0 0 0 0 0 0 0 0 
0 0 0 0 0 0 1 1 1 0 0 1 1 1 0 0 0 0 0 0 
1 1 1 1 1 1 1 1 1 0 0 1 1 1 1 1 1 1 1 1 