5
15
 0 0 0 0 0 0 0 1 0 0 0 0 0 0 0
 0 0 2 0 0 0 4 1 4 0 0 0 2 0 0
 0 0 4 3 0 4 1 1 1 4 0 3 4 0 0
 0 7 4 7 5 1 1 1 1 1 5 7 4 7 0
15 7 2 3 5 4 4 1 4 4 5 3 2 7 15
15
4
0 0 0 15
0 0 7 7
2 4 4 2
0 3 7 3
0 0 5 5
0 0 4 4
4 1 1 4
1 1 1 1
4 1 1 4
0 4 3 4
0 0 5 5
0 3 7 3
2 4 4 2
0 0 7 7
0 0 0 15
15
15
1 1 1 1 1 1 1 1 1 1 1 1 1 1 1
1 1 1 1 1 1 1 0 1 1 1 1 1 1 1
1 1 0 1 1 1 1 0 1 1 1 1 0 1 1
1 1 1 0 1 1 1 1 1 1 1 0 1 1 1
1 1 1 1 1 0 0 0 0 0 1 1 1 1 1
1 1 1 1 0 0 0 0 0 0 0 1 1 1 1
1 1 1 1 0 0 1 0 1 0 0 1 1 1 1
1 0 0 1 0 0 0 0 0 0 0 1 0 0 1
1 1 1 1 0 1 0 0 0 1 0 1 1 1 1
1 1 1 1 0 0 1 1 1 0 0 1 1 1 1
1 1 1 1 1 0 0 0 0 0 1 1 1 1 1
1 1 1 0 1 1 1 1 1 1 1 0 1 1 1
1 1 0 1 1 1 1 0 1 1 1 1 0 1 1
1 1 1 1 1 1 1 0 1 1 1 1 1 1 1
1 1 1 1 1 1 1 1 1 1 1 1 1 1 1